x = 4.1896
t = (1);

w = x + (1/4)*(2*t+1)*x